"tile","error","CellCode"
"E39N26",NA,"100kmE39N26"
