"tile","error","CellCode"
"E54N22",NA,"100kmE54N22"
